================================================================================
        大学生学科竞赛评分表 —— 难度 · 热度 · 获奖率
        （评分范围 1–10，分数越高表示程度越强 / 获奖率越高越容易获奖）
================================================================================

编号  竞赛名称                                          难度    热度    获奖率
────────────────────────────────────────────────────────────────────────────────
01    中国国际大学生创新大赛                              9      10      3
02    挑战杯全国大学生课外学术科技作品竞赛                  9      10      3
03    挑战杯中国大学生创业计划大赛                          8       9      4
04    ACM-ICPC国际大学生程序设计竞赛                      10       8      2
05    全国大学生数学建模竞赛                                7       9      5
06    全国大学生电子设计竞赛                                8       8      4
07    全国大学生机械创新设计大赛                            7       7      5
08    全国大学生结构设计竞赛                                8       6      5
09    全国大学生广告艺术大赛                                5       8      6
10    全国大学生智能汽车竞赛                                8       7      4
11    全国大学生交通运输科技大赛                            6       5      6
12    全国大学生电子商务创新创意及创业挑战赛                5       7      6
13    全国大学生节能减排社会实践与科技竞赛                  6       6      5
14    中国大学生工程实践与创新能力大赛                      6       6      5
15    全国大学生物流设计大赛                                5       5      6
16    外研社国才杯理解当代中国全国大学生外语能力大赛         6       7      5
17    全国大学生创新年会                                    7       6      4
18    全国大学生机器人大赛CURC                              9       7      3
19    西门子杯中国智能制造挑战赛                            7       6      5
20    全国大学生化工设计竞赛                                7       5      5
21    全国大学生先进成图技术与产品信息建模创新大赛           6       6      5
22    中国大学生计算机设计大赛                              5       7      6
23    全国大学生市场调查与分析大赛                          5       6      6
24    中国大学生服务外包创新创业大赛                        6       6      5
25    两岸新锐设计竞赛华灿奖                                5       4      6
26    中国高校计算机大赛                                    7       7      5
27    中国机器人大赛暨RoboCup机器人世界杯中国赛             9       6      3
28    全国大学生信息安全竞赛                                8       7      4
29    全国周培源大学生力学竞赛                              8       6      4
30    中国大学生机械工程创新创意大赛                        7       6      5
31    蓝桥杯全国软件和信息技术专业人才大赛                  5       8      6
32    全国大学生金相技能大赛                                5       5      6
33    中国软件杯大学生软件设计大赛                          6       6      5
34    全国大学生光电设计竞赛                                7       5      5
35    未来设计师全国高校数字艺术设计大赛                    5       6      6
36    中美青年创客大赛                                      6       5      5
37    全国大学生地质技能竞赛                                6       4      5
38    米兰设计周中国高校设计学科师生优秀作品展              5       5      6
39    全国大学生集成电路创新创业大赛                        8       6      4
40    中国机器人及人工智能大赛CRAIC                         7       6      5
41    全国高校商业精英挑战赛                                5       6      6
42    中国好创意暨全国数字艺术设计大赛                      5       6      6
43    全国三维数字化创新设计大赛                            6       6      5
44    学创杯全国大学生创业综合模拟大赛                      4       5      7
45    大学生新一代信息通信科技大赛                          7       5      5
46    全国大学生物理实验竞赛                                6       5      5
47    全国高校BIM毕业设计创新大赛                           5       5      6
48    睿抗机器人开发者大赛RAICOM                            7       5      5
49    全国大学生生命科学竞赛                                6       5      5
50    华为ICT大赛                                           7       7      4
51    全国大学生嵌入式芯片与系统设计竞赛                    7       5      5
52    中国高校智能机器人创意大赛                            7       5      5
53    全国大学生数学竞赛                                    8       9      4
54    四川省大学生工业设计大赛                              4       3      7
55    四川省大学生模拟法庭大赛                              5       3      6
56    四川省大学生材料设计大赛                              5       3      6
57    四川省大学生测绘技能竞赛                              5       3      6
58    四川省大学生未来飞行器挑战赛                          6       4      6

================================================================================

【评分说明】

  难度：综合考量技术门槛、知识广度、竞争强度、备赛周期。
        10=极难（如ACM-ICPC世界总决赛级别），1=极简单。

  热度：综合考量参赛高校覆盖面、报名人数、社会关注度。
        10=全国顶级热度（如互联网+、挑战杯），1=极冷门。

  获奖率：数值越高表示越容易获奖（综合考虑奖项设置数量、晋级比例）。
        10=几乎报名即获奖，1=极低获奖率。

================================================================================
